0.939423
0.938927
0.937556
0.935624
0.933515
0.931581
0.930080
0.929164
0.928905
0.929340
0.930473
0.932272
0.934676
0.937606
0.940959
0.944615
0.948445
0.952330
0.956167
0.959877
0.963405
0.966714
0.969786
0.972613
0.975198
0.977549
0.979678
0.981601
0.983334
0.984894
0.986296
0.987557
0.988691
0.989711
0.990629
0.991457
0.992203
0.992876
0.993484
0.994035
0.994532
0.994984
0.995393
0.995764
0.996101
0.996407
0.996686
0.996939
0.997171
0.997381
0.997574
0.997750
0.997910
0.998057
0.998192
0.998316
0.998429
0.998534
0.998630
0.998718
0.996686
0.998875
0.998944
0.999009
0.999068
1.000000