-0.066206
-0.175612
0.058320
0.307439
-0.029623
-0.157464
0.114937
0.324351
0.115170
0.325165
0.026875
0.191772
0.085686
-0.193505
0.301317
0.173610
0.270122
0.111290
0.024669
0.133836
0.053826
0.069151
0.165259
0.155947
0.141587
0.103731
0.037685
0.142184
0.091403
0.170499
0.124760
0.143019
0.113101
0.074245
0.097562
0.115830
0.120949
0.018599
0.027350
0.068548
0.046219
-0.027885
0.090940
0.023688
0.013934
0.058715
-0.065774
0.076357
0.065624
0.050830
0.048655
0.064804
0.028726
-0.011049
-0.035458
0.034142
-0.004867
0.031938
0.036944
0.043791
0.052766
0.047291
0.001078
0.037884
0.040462
-0.000000