0.244460
0.197137
0.200463
-0.043136
0.306834
0.036892
0.260576
0.010927
0.323716
0.085689
0.358930
-0.040136
0.331440
0.245506
0.107944
0.182380
-0.164160
0.248754
0.266421
0.202497
0.257518
0.210640
-0.073403
0.152282
-0.072623
0.131671
-0.020976
-0.007299
-0.039621
-0.002104
-0.106017
0.019165
0.092919
-0.055958
-0.073626
-0.058570
0.028387
-0.082653
0.026773
-0.063725
-0.059818
-0.086794
0.022149
-0.087841
-0.077920
-0.032449
-0.047199
0.002001
0.010746
0.051087
0.015654
0.015034
-0.029414
0.017893
-0.048315
-0.013178
0.052374
0.041904
-0.018362
-0.020074
0.009909
0.003521
0.035432
0.001021
-0.015018
0.000000