0.230955
0.220712
0.278213
-0.168016
0.183098
0.325577
0.232035
-0.177009
0.138130
0.152490
-0.068318
0.304109
0.095840
-0.152240
0.110233
-0.210475
0.023187
-0.137128
0.118980
-0.140424
0.051366
0.127722
0.163758
-0.080711
0.153844
-0.127676
0.195885
0.127239
0.152085
0.030169
0.020370
0.062521
-0.032618
0.108757
0.060944
0.012900
-0.009956
-0.083783
0.107349
0.055996
-0.072047
0.041195
0.020810
0.013326
-0.038956
0.051695
-0.007961
0.016652
0.035053
-0.006062
0.047266
-0.008378
-0.049846
0.058644
0.004539
-0.045012
-0.019289
0.012426
0.032198
0.015541
-0.061114
-0.000480
0.029217
0.023356
-0.000118
0.000000