0.000000
-0.048423
0.084338
0.099063
0.165030
-0.175880
0.201919
-0.241179
0.168248
0.291895
0.103764
0.125024
0.259449
-0.035224
0.324931
0.324743
0.323217
0.201834
-0.096029
-0.164034
0.251740
0.362249
0.109286
0.295423
-0.020985
-0.069154
0.238692
-0.060870
-0.323749
0.257400
-0.248757
0.018272
-0.158064
0.279399
0.276727
-0.309631
0.073462
0.267005
-0.250789
0.266893
0.231318
-0.178895
-0.268601
0.296762
-0.006555
0.262363
0.345828
0.266152
0.327473
-0.020234
-0.303234
-0.224238
-0.314442
-0.004708
0.061632
-0.251177
-0.191876
-0.264936
0.230611
-0.196614
0.038789
0.283809
0.049265
0.196289
0.249340
