-0.000000
0.009993
0.001286
-0.069755
0.078993
0.023016
-0.092408
-0.006811
-0.070440
0.070660
0.253553
-0.272032
0.025884
0.236028
0.130470
-0.120533
-0.117502
0.299585
-0.103851
0.246162
0.170545
0.051900
-0.051076
-0.113905
0.347485
0.343236
-0.212553
0.223236
-0.158142
0.222762
0.246445
-0.319201
0.176559
-0.111320
-0.149845
-0.170922
0.344419
0.004588
0.241032
0.132767
-0.092056
-0.278255
0.108238
0.156792
-0.289744
0.210287
-0.037748
0.035856
-0.109002
0.192511
0.012005
0.019897
0.109772
0.153843
-0.108710
0.172110
0.117188
0.067323
0.149829
0.247954
-0.326390
-0.193710
-0.340552
0.281115
-0.212817
