0.000000
0.011182
0.052169
0.077278
-0.009978
0.125754
0.107121
0.123731
0.227900
-0.074173
-0.172744
0.152058
-0.226485
0.259977
0.077688
0.108255
-0.124930
-0.069473
-0.340781
0.221305
-0.209729
0.047019
-0.347926
-0.186237
-0.113922
0.103643
-0.174138
0.279410
-0.030486
-0.118478
0.080571
0.161587
0.267284
-0.190907
0.164963
-0.023253
-0.032020
-0.230632
0.054816
-0.186183
-0.247184
0.115076
-0.196033
-0.096364
-0.193947
0.090843
0.002359
-0.220559
0.037555
0.287820
-0.167370
-0.263140
-0.093943
-0.309679
-0.322224
-0.163092
-0.261988
-0.210593
-0.208177
0.136867
-0.113986
0.025046
0.014806
-0.031562
0.104994
