0.342760
0.334993
0.316248
0.293884
0.271973
0.251909
0.234113
0.218758
0.205780
0.194705
-0.184735
-0.175083
-0.165150
-0.154494
-0.142789
0.129880
0.115831
0.100949
0.085731
0.070773
0.056656
0.043846
0.032641
0.023160
0.015372
0.009145
0.004290
0.000595
-0.002143
-0.004112
-0.005472
-0.006359
-0.006883
-0.007132
-0.007178
-0.007076
-0.006870
-0.006591
-0.006267
-0.005916
-0.005553
-0.005190
-0.004833
-0.004487
-0.004158
-0.003847
-0.003555
-0.003282
-0.003030
-0.002796
-0.002580
-0.002382
-0.002200
-0.002033
-0.001881
-0.001741
-0.001612
-0.001495
-0.001388
-0.001289
-0.003555
-0.001116
-0.001040
-0.000970
-0.000906
0.000000