-0.000044
0.035850
0.070251
0.101958
0.130241
0.154871
0.176031
0.194128
0.209586
0.222749
0.233858
0.243075
0.250526
0.256313
0.260486
0.263033
0.263900
0.263029
0.260402
0.256079
0.250219
0.243071
0.234939
0.226140
-0.216969
-0.207671
-0.198438
-0.189409
-0.180675
-0.172294
-0.164297
-0.156696
-0.149489
-0.142667
-0.136214
-0.130113
-0.124345
-0.118893
-0.113736
-0.108857
-0.104241
-0.099872
-0.095735
-0.091816
-0.088104
-0.084587
-0.081253
-0.078093
-0.075096
-0.072253
-0.069556
-0.066996
-0.064565
-0.062256
-0.060062
-0.057976
-0.055991
-0.054103
-0.052305
-0.050592
-0.081253
-0.047402
-0.045916
-0.044497
-0.043142
-0.000000