0.000006
0.070077
0.126654
0.166868
0.193952
0.211454
0.221709
0.226085
0.225531
0.220909
0.213082
0.202806
0.190636
0.177002
0.162338
0.147131
0.131878
0.117016
0.102888
0.089726
-0.077665
-0.066767
-0.057041
-0.048455
-0.040953
-0.034461
-0.028893
-0.024155
-0.020155
-0.016799
-0.014001
-0.011679
-0.009762
-0.008185
-0.006891
-0.005833
-0.004969
-0.004266
-0.003693
-0.003227
-0.002847
-0.002537
-0.002284
-0.002077
-0.001906
-0.001764
-0.001646
-0.001546
-0.001461
-0.001388
-0.001324
-0.001267
-0.001217
-0.001172
-0.001130
-0.001092
-0.001057
-0.001024
-0.000992
-0.000963
-0.001646
-0.000908
-0.000882
-0.000857
-0.000834
0.000000