1.000000
0.998714
0.995070
0.989621
0.983069
0.976075
0.969131
0.962537
0.956448
0.950948
0.946099
0.941937
0.938467
0.935661
0.933468
0.931823
0.930654
0.929885
0.929442
0.929258
0.929277
0.929447
0.929729
0.930090
0.930503
0.930948
0.931410
0.931875
0.932335
0.932784
0.933217
0.933631
0.934025
0.934397
0.934749
0.935080
0.935390
0.935680
0.935951
0.936204
0.936439
0.936658
0.936861
0.937050
0.937224
0.937386
0.937535
0.937673
0.937800
0.937918
0.938026
0.938125
0.938217
0.938301
0.938379
0.938450
0.938516
0.938577
0.938633
0.938685
0.937535
0.938777
0.938817
0.938855
0.938890
