0.000000
0.023648
0.044251
0.060702
0.073161
0.082111
0.088069
0.091608
0.093307
0.093570
0.092587
0.090453
0.087262
0.083114
0.078118
0.072396
0.066078
0.059298
0.052191
0.044893
-0.037542
-0.030279
-0.023242
-0.016561
-0.010348
-0.004693
0.000344
0.004733
0.008471
0.011579
0.014095
0.016070
0.017563
0.018634
0.019344
0.019750
0.019905
0.019856
0.019646
0.019311
0.018882
0.018384
0.017839
0.017264
0.016673
0.016077
0.015485
0.014903
0.014335
0.013785
0.013256
0.012747
0.012261
0.011797
0.011355
0.010935
0.010535
0.010156
0.009795
0.009453
0.015485
0.008819
0.008525
0.008246
0.007980
