-0.000000
-0.004634
-0.016571
-0.032274
-0.049252
-0.066211
-0.082511
-0.097828
-0.112086
-0.125497
0.138473
0.151442
0.164755
0.178684
0.193404
-0.208931
-0.225081
-0.241474
-0.257587
-0.272859
-0.286797
-0.299061
-0.309494
-0.318106
-0.325033
-0.330481
-0.334682
-0.337865
-0.340237
-0.341974
-0.343223
-0.344101
-0.344698
-0.345085
-0.345318
-0.345436
-0.345471
-0.345446
-0.345379
-0.345283
-0.345168
-0.345042
-0.344910
-0.344776
-0.344643
-0.344514
-0.344390
-0.344273
-0.344161
-0.344057
-0.343959
-0.343868
-0.343784
-0.343707
-0.343635
-0.343569
-0.343509
-0.343453
-0.343402
-0.343355
-0.344390
-0.343273
-0.343236
-0.343203
-0.343172
