0.000000
0.044598
0.087197
0.126194
0.160612
0.190135
0.214991
0.235713
0.252860
0.266818
0.277758
0.285723
0.290724
0.292750
0.291771
0.287771
0.280812
0.271088
0.258966
0.244973
0.229746
0.213949
0.198186
0.182942
-0.168555
-0.155229
-0.143054
-0.132039
-0.122143
-0.113288
-0.105384
-0.098336
-0.092048
-0.086430
-0.081399
-0.076879
-0.072803
-0.069113
-0.065756
-0.062689
-0.059872
-0.057273
-0.054864
-0.052623
-0.050529
-0.048567
-0.046721
-0.044981
-0.043337
-0.041780
-0.040303
-0.038900
-0.037566
-0.036295
-0.035084
-0.033930
-0.032828
-0.031775
-0.030770
-0.029808
-0.046721
-0.028008
-0.027166
-0.026358
-0.025585
